197.36
200.84
205.66
218.51
219.96
219.27
222.18
222.11
209.98
214.65
223.71
237.41
242.84
233.59
234.30
235.60
241.20
234.21
235.45
236.08
246.72
244.14
240.08
238.83
235.58
238.72
239.37
242.64
243.84
239.74
237.01
239.29
251.05
253.50
252.08
257.22
247.14
254.50
252.54
256.61
261.44
253.18
248.48
248.42
238.45
237.93
237.49
240.45
234.96
233.94
227.22
218.89
219.91
215.55
211.88
212.19
208.80
209.14
207.83
182.63
183.25
190.93
191.59
187.29
188.86
187.91
181.06
185.10
187.58
189.56
193.57
188.13
184.02
188.71
200.45
199.95
193.76
194.77
197.41
191.97
199.40
199.73
202.04
201.88
202.64
188.14
180.74
176.54
178.65
175.34
177.77
177.54
169.48
162.50
163.57
173.80
171.32
175.66
172.82
170.83
172.63
177.67
179.83
175.79
175.22
166.63
168.38
171.11
164.90
172.98
176.88
171.76
174.60
171.05
161.48
157.11
155.45
149.93
147.05
142.05
144.68
162.13
170.18
168.29
194.05
183.28
179.99
180.01
181.19
184.76
177.81
174.72
171.97
168.47
171.89
177.55
173.99
174.84
177.46
174.95
186.60
180.11
173.74
179.24
176.75
176.19
178.79
178.08
176.29
174.77
175.00
177.94
177.48
173.79
170.66
177.29
182.47
178.01
187.44
184.86
181.57
183.01
182.58
187.35
196.37
197.42
197.88
209.86
231.26
246.39
251.52
252.94
262.33
263.26
241.03
248.23
252.64
256.56
248.50
249.23
239.20
251.51
246.38
215.99
220.25
219.80
232.10
222.62
232.07
216.86
207.67
198.88
200.64
191.76
198.84
200.00
197.49
207.83
201.38
214.14
216.12
222.72
221.10
223.27
210.66
220.32
213.21
209.21
205.75
206.28
214.11
210.60
219.41
230.17
210.73
216.27
226.17
228.13
229.81
230.29
226.78
227.87
227.20
243.92
238.25
250.00
254.27
257.02
254.22
260.46
261.63
258.02
249.02
240.66
250.08
240.83
244.50
241.05
238.77
217.80
219.16
219.57
221.33
220.89
220.70
218.85
217.97
213.65
260.48
269.19
