217.97
218.85
220.70
220.89
221.33
219.57
219.16
217.80
238.77
241.05
244.50
240.83
250.08
240.66
249.02
258.02
261.63
260.46
254.22
257.02
254.27
250.00
238.25
243.92
227.20
227.87
226.78
230.29
229.81
228.13
226.17
216.27
210.73
230.17
219.41
210.60
214.11
206.28
205.75
209.21
213.21
220.32
210.66
223.27
221.10
222.72
216.12
214.14
201.38
207.83
197.49
200.00
198.84
191.76
200.64
198.88
207.67
216.86
232.07
222.62
232.10
219.80
220.25
215.99
246.38
251.51
239.20
249.23
248.50
256.56
252.64
248.23
241.03
263.26
262.33
252.94
251.52
246.39
231.26
209.86
197.88
197.42
196.37
187.35
182.58
183.01
181.57
184.86
187.44
178.01
182.47
177.29
170.66
173.79
177.48
177.94
175.00
174.77
176.29
178.08
178.79
176.19
176.75
179.24
173.74
180.11
186.60
174.95
177.46
174.84
173.99
177.55
171.89
168.47
171.97
174.72
177.81
184.76
181.19
180.01
179.99
183.28
194.05
168.29
170.18
162.13
144.68
142.05
147.05
149.93
155.45
157.11
161.48
171.05
174.60
171.76
176.88
172.98
164.90
171.11
168.38
166.63
175.22
175.79
179.83
177.67
172.63
170.83
172.82
175.66
171.32
173.80
163.57
162.50
169.48
177.54
177.77
175.34
178.65
176.54
180.74
188.14
202.64
201.88
202.04
199.73
199.40
191.97
197.41
194.77
193.76
199.95
200.45
188.71
184.02
188.13
193.57
189.56
187.58
185.10
181.06
187.91
188.86
187.29
191.59
190.93
183.25
182.63
207.83
209.14
208.80
212.19
211.88
215.55
219.91
218.89
227.22
233.94
234.96
240.45
237.49
237.93
238.45
248.42
248.48
253.18
261.44
256.61
252.54
254.50
247.14
257.22
252.08
253.50
251.05
239.29
237.01
239.74
243.84
242.64
239.37
238.72
235.58
238.83
240.08
244.14
246.72
236.08
235.45
234.21
241.20
235.60
234.30
233.59
242.84
237.41
223.71
214.65
209.98
222.11
222.18
219.27
219.96
218.51
205.66
200.84
197.36
207.30
205.76
212.42
216.52
212.08